5016
119705 2708
8288 5000
8236 564
3571479 345
1176685 1929
1245 30
6920468 3545
604094 7772
3704243 166
6276 6406
596 915
267267 3537
2833110 752
9589527 7895
3941437 1814
6288 3000
5063897 7494
3621143 8718
7662977 3451
5526944 5
3438550 561
8669182 1456
6828447 5056
7783496 1768
399160 4591
9130627 4074
2021138 777
88245 8645
99782 456
39924 4025
8041969 960
8208655 5563
3244694 4471
869816 5278
8588775 5389
912343 3816
2051045 7441
4584889 244
38603 8676
3242084 8777
7287098 8453
4118 4220
3302539 6646
4519996 9711
5545438 4714
91322 3538
66115 1887
6115510 1330
1820265 5874
116219 4389
9816056 9993
714201 9797
229561 2671
8257621 4513
2071128 8288
367065 5598
8592106 498
4271 3435
1359278 2731
1949485 9471
5113391 6281
9084704 4749
4443547 5175
1669007 647
5901302 5790
8743689 2252
139006 6447
6246567 241
4970765 7323
9880021 4006
7307813 6885
5359012 638
1085682 2240
8052006 2340
5078532 8560
863762 1410
7164381 6348
307157 675
3058593 8142
957796 4271
9791561 9203
3043708 3636
5193034 3691
4713703 7675
4853834 5190
6247083 8665
7116129 3281
9478292 3757
9560416 6125
3590855 2716
7818310 3390
127861 6449
8861441 1743
950209 4200
9073568 265
3341386 866
4983334 2278
9893953 7134
3234105 629
4281590 6366
1295070 1556
698517 1619
5095942 299
5888610 1834
4338909 8837
2421810 7829
8362848 586
7635537 3821
2181413 2239
9523838 4720
30 90
7654798 9812
9376089 8056
9562110 564
6949217 2539
846852 2855
1356429 5700
9598406 4125
5900854 4728
4836569 1765
4992538 360
2663067 1272
2515669 7053
7139641 3966
9932937 6617
824031 2643
232229 9522
301191 4222
7117462 1801
4891858 9166
2529588 2753
947248 8004
4782739 5816
5978067 3271
2375830 5571
6500434 4894
6860728 4777
4756120 2818
9362867 1290
9438644 3468
2646619 7137
9684095 1396
1145906 370
5463113 588
2564663 2779
1715661 2843
1507522 227
8976131 3901
5205683 3788
2660502 2407
318504 9101
567097 1810
4157760 2543
9276540 8302
1925872 2932
9851281 7458
4100575 9447
3202784 3838
7617336 9258
975334 6194
3448362 2867
3136828 8020
3608755 7409
5954137 9704
9552466 8494
8153710 9243
4667976 1831
8802273 2756
8845819 4594
9529497 1700
2573567 4640
7293977 8769
4849848 4398
5085948 956
6722142 3587
7249869 7755
5788319 8336
2601317 2421
6389146 8941
9937759 2270
4501326 7518
270309 3903
7983966 9571
816537 9524
5422380 9026
4244249 4934
1701213 9222
6997938 2932
2314513 5595
455276 9978
9109692 9431
4775931 3791
3139520 8361
7616968 9868
9083523 3506
4073286 3430
8283240 5326
8081228 4112
6543909 9855
9625202 8152
9409167 4843
5866161 7021
4876505 7498
7393318 6647
5186306 1428
5789981 4808
8731787 83
5994661 8064
3137453 2667
2743971 9651
1310217 2972
414430 2798
5184297 4623
6222470 873
9156798 3951
9915544 7991
9011274 6612
3060348 8426
8699765 6804
783722 7636
4590181 8651
5184395 13
3006833 5357
1851931 1726
1394007 4803
4707307 397
9790980 397
8763088 9074
1656571 4977
8999954 852
1360859 5516
2593569 239
181933 988
4493086 265
4612098 142
2420949 59
9167328 4839
2163432 4069
6073572 3434
1343180 942
785640 706
269728 5496
4862712 9716
8666571 1181
4709716 1182
9115723 7440
4097541 9141
8709362 2187
6437678 2784
7868968 5584
1157952 5341
2138880 4776
8825247 8097
2073914 2970
2469115 4881
9831378 6183
6789017 2815
8209951 6017
7680052 5132
6910585 3881
6758570 3154
2193867 2997
1150939 7812
2107651 4079
7852019 1006
8071646 6226
5484734 6983
6273970 3855
302842 7730
4459486 6044
6414957 5447
1790555 1981
2412773 897
112714 2470
8061186 1823
4246670 401
9802688 2574
2975210 8951
918826 1832
8670277 4660
2609504 3822
1515385 2371
9842098 783
2849873 4634
3855668 7439
92179 3751
2597142 3091
2375749 6822
3982365 176
5473288 7025
5279447 508
2615346 4586
8462350 949
2915 194
5311120 1887
96636 8386
9191786 6694
8308556 1902
7102123 9935
6539441 3594
3361937 8505
5282910 1521
1380507 4997
8021091 2232
177647 3381
5452150 751
66916 2195
8197482 7496
970322 6412
4691808 9966
8064046 5811
4001050 718
3223323 1252
7045736 6098
1552691 1713
7860434 2297
6217914 3044
9842995 2039
4714326 4882
6272246 6778
2816052 7394
5176387 7144
2384489 1955
2554418 4736
7379314 8408
1507144 2054
3424649 9551
1202537 8817
7060713 6730
6098760 2530
3939084 878
4621442 8539
6829747 5770
5903746 4714
211113 7996
8036947 4944
392081 7464
3011900 4092
647184 3543
2776936 5735
521734 3575
8595683 2932
8245259 6799
5810446 2571
7239769 3369
416382 1710
6105135 4896
240039 5108
1954842 9958
6756029 3673
3050171 9846
1478567 9496
9738805 2710
623031 1457
4192377 9295
6553337 542
6895790 5056
5146094 99
5265554 96
5918075 5162
3068301 8419
6474996 8555
2942582 6142
3028605 4099
8459888 8919
254237 4952
5474037 6618
4226325 1697
2562357 8663
4712697 71
6381421 18
1896609 38
8007157 1535
2477129 7538
6423730 582
5632289 1034
6570500 403
4269619 8476
82059 123
8027676 7869
1155999 2579
902244 6998
7430626 2382
8147012 3913
7155817 7061
267103 9181
1321564 4183
9359257 6777
1827810 1089
7092178 2381
6493773 2072
4174531 1002
3187307 8488
2643601 9925
5799677 3461
602514 6896
8782298 6730
2862425 3634
9940226 9688
3674396 7809
8598753 8818
6406671 223
5525556 1636
5616626 1098
7642869 9754
7689644 7845
4488150 7332
2564575 6954
2304144 2035
6227220 7164
4984999 3551
2083684 6903
975182 8201
8692749 1050
7209932 6150
5642580 4188
4501581 7540
8737539 4282
1596209 516
4108834 2799
7800428 5196
4473399 6781
927332 4190
3688740 2989
1515 1
8487307 1827
9021586 3736
5580294 4040
7808024 5850
9587840 7982
5363644 7274
3600399 3593
4862548 2165
897112 7405
9616454 9197
2511746 4934
1302782 4576
5498182 4566
9100026 5506
9199657 2268
245683 8412
714779 4198
239663 7038
5695689 7532
8912756 5446
3807371 9116
5378204 526
4753723 6419
4429932 8553
2243353 8649
8065203 778
2784012 9364
6619475 4059
8857526 6947
6574150 6296
4942971 9983
2260252 319
9950344 2974
851008 6440
3391118 8140
7059670 3791
5598079 5630
7650915 2807
8240995 9495
2584031 7556
7335135 9923
6073338 7515
7681223 5050
4880559 4441
1072284 3571
5128351 3439
5821873 3297
625452 6632
690440 3082
6055623 4587
2402605 492
4431184 1802
6754958 668
4894456 5359
2135745 8585
772213 8137
2758126 2784
3101817 300
5443361 3938
9498631 4366
8223818 350
2400198 4603
3783617 9845
8728406 436
5659203 9338
5507695 8147
1786383 8306
340530 4955
8536411 2622
7849518 5256
8706765 1670
9543085 760
2266830 6012
1502737 1934
9098949 6839
15617 3827
3052704 1341
2496378 1710
5461700 1019
5182590 9777
8738230 297
5772653 2792
8765177 1081
504129 9175
9324061 1760
3477114 9934
2929554 6303
3185438 1564
5648222 988
1986797 2477
3632467 2769
3221170 6134
348812 2022
8894068 7445
7981966 5766
8176181 7425
2011895 5278
3224897 667
2897665 6664
9258084 418
6633396 5528
7267101 3790
9769426 6472
1039590 11
8475014 6531
9309397 9979
4213339 8602
1052146 4672
6287813 2063
8059526 3982
6161762 912
9453407 9190
7832566 4684
5795624 8082
6057658 6738
1412058 8051
3397963 1138
1472319 9146
3554630 1786
5943686 6458
5689402 920
82157 341
6182039 8676
5834842 321
2483193 9351
3899283 5946
1961260 1950
2865060 7551
1802254 2192
8590177 6930
9825965 9018
5738685 2669
53502 95
7063222 6698
1100125 2133
7089760 2352
7937211 2777
2453430 2309
4431666 2906
9233371 4934
7393949 6011
4231070 4358
3297710 9085
5768879 9485
5262333 6182
6128323 7862
5602524 3045
1172697 5473
7579361 6521
3254195 4331
3230074 2080
2651205 7747
3006533 8358
8838774 7549
4406990 3545
3914927 2685
2496856 7424
2006438 5660
1261524 8170
3695659 5325
8209847 9752
8959904 2623
314248 9285
4887892 6168
6077529 2151
9868052 9535
1458256 5011
4329975 8811
9210371 1148
5055865 6226
9036292 8345
903834 5284
770809 4386
5157951 4791
7277979 6475
3532842 4129
9610202 2545
2015400 8884
790636 2229
1388094 4890
8021301 4118
9499550 1812
721415 1836
3926277 6526
9017594 5250
7224196 1040
8277716 5654
7107135 7419
5036173 393
205315 5957
4883196 7878
908011 8657
5829828 7053
9180747 8856
749406 6978
9037759 8695
1912286 8712
638764 2705
8522463 3020
6201340 6633
983829 5193
5264483 3852
923761 2455
4855228 8364
1430239 5655
3791746 1431
651648 9488
3935186 509
3186159 8865
6392455 5544
2669900 8152
15502 5348
9119945 6330
1908420 8604
6351269 9409
8076918 6283
7551972 72
6934218 7204
584320 1951
6184576 3915
9791007 8916
8710710 5848
5448318 4787
225176 4666
7062571 4281
1779411 3612
8265897 3905
195567 7699
2610769 8705
6310488 9812
4116164 395
7398374 7545
8422504 439
5106015 3999
1588671 5090
4858429 3516
3975756 3383
713127 7755
2150498 3336
3195916 6171
119060 6688
4349718 9692
9747649 8979
817571 1629
2314716 2276
7310911 9839
2194534 6635
126761 5223
4272120 7248
8235303 6579
18074 5383
6108053 5325
7794729 3318
5583985 3402
8589037 8970
9345547 7971
762457 2210
7768512 7065
6667052 8584
3992164 6932
7264214 8886
7739759 3072
7755030 946
7746236 4597
9310489 9157
7074654 8291
2821374 9516
2579840 6784
3196698 8607
3180663 7958
9470073 2622
5970526 7706
466732 2720
9009438 9444
8504239 704
6825409 4487
6015863 7622
7847477 4923
7377189 212
6691117 5083
1811134 1939
9515168 7738
5073049 6191
2388634 3270
9562828 79
5495529 4208
155 1720
7732548 3138
6318690 571
5192378 6750
5066598 9657
3795634 810
7752879 7822
9177677 2365
5792904 8628
3007345 8173
496341 2213
2643959 2617
8916155 9261
7324475 8761
3680503 5767
9557189 4090
441058 4601
3664486 791
9224223 5898
5028319 7795
3667141 2615
217127 1676
4387016 8515
1521927 650
3595325 4093
874378 6990
1260593 9487
8757755 9739
1854339 9217
8266435 1801
6404688 4009
7712923 8657
3396263 763
793987 5594
6523345 9844
8688716 5052
2274642 873
577867 881
9059344 8228
9985903 3219
2449636 9160
2970791 907
612540 4292
6066687 663
2569966 8758
6846915 3094
2640883 4878
2758207 5304
4714783 522
1901923 2414
2328533 2071
3382403 9253
916974 2907
3490355 6501
1703675 728
3335829 8782
6179553 8891
3797086 8643
7770716 3543
7349800 8193
7693512 3369
2859806 7810
6251250 4420
2120923 6749
8182508 8305
9199650 7918
1674015 6190
4710610 9647
8868188 4341
802886 4179
5287042 3921
5378155 1146
7052662 2961
3859105 5384
1632341 9640
952310 9777
942303 4844
5058974 2031
9490327 333
9552974 5497
4287284 653
469338 5861
7723964 3686
9801141 3124
9910286 1339
6649695 5276
515674 8505
3193441 6988
658814 3466
8860031 8888
5737534 2973
7812390 1176
7090417 828
3392237 6488
2705525 9263
7008052 236
9456598 7723
2554247 3329
8131889 6808
9298752 9659
5746852 1986
8087863 975
2602524 5060
3977925 3795
8362375 7504
7930833 8403
9253488 3354
5455901 4113
1800961 4547
1383630 4917
9232278 3083
2766490 107
5701100 1840
4982120 107
4524511 552
7153727 5870
9693469 6216
1227374 9606
5740167 9855
5772271 1875
3602220 1656
186662 6300
823377 7938
8717869 4496
5710578 4791
5154551 7605
9459791 1376
217450 1786
1489670 362
6978810 3858
4699866 5644
7251957 1778
347206 6840
8163671 6475
4104609 1876
593806 8081
4699809 6161
641457 7159
5488168 5411
835649 9013
4760111 964
7076650 3596
4657995 6023
2751839 7982
4095252 6619
1000514 4385
4229287 5161
6803338 4143
4730028 3583
325250 642
5235355 7751
3523475 5194
8942580 1789
3548297 8129
9652323 5224
7863817 1814
2350826 3227
3875280 2026
9213240 4182
4748214 1794
7927543 240
3969759 6128
28012 448
7540719 8378
5934012 325
5058180 2632
7404832 4487
2326192 192
4376217 5927
9871507 763
1959759 4053
5473473 4727
2900389 9482
7950108 6341
1418929 691
7383462 1560
5664020 2008
2525894 1399
6933982 2483
7740587 7645
4641319 5898
1481945 9071
6345772 8700
4156998 5266
8117748 2898
7986397 2000
2272453 538
2810750 369
8514366 9848
8887564 3539
5285034 2571
4892500 9403
1821463 2948
1709302 943
4822136 7499
2588721 1308
5203193 5751
8932781 4093
2757882 6200
1987205 3335
7350608 5584
3097584 721
5817065 8959
5038793 5225
2574129 9095
7902971 4725
4712557 1236
9589232 7487
3210855 8806
6892303 4511
490452 1506
1740091 7584
8050413 1130
2016220 4238
5685837 1245
9212749 7614
2948156 4747
7715004 6180
109082 4701
1550771 6097
835317 7272
1805786 6667
1819688 3045
6819349 8746
9616135 4317
529105 6595
9004537 64
3522638 9196
6459740 5845
2650683 3502
5623129 5513
5906262 9983
2024106 9889
3637503 7750
6930485 3700
9150327 7431
3392068 1945
9572141 2179
9508346 7748
8368304 3358
5851088 8325
3956083 631
7650241 2397
8979931 6987
4399457 7455
7270732 9572
7883679 6391
7887755 3450
199348 3787
124203 4705
3455102 1365
6763282 9738
1073637 7041
5079532 9801
3410285 4250
6232294 9589
4859476 3426
7934147 4475
215233 6988
2110545 7607
8302975 1256
8847614 8422
9763602 8645
7290373 3890
8717962 9880
6838152 4064
5026548 4606
910482 332
219566 8669
5818998 1433
1819764 4848
5334664 2691
9275111 1088
7609632 3002
1458908 2330
7662525 5552
7244250 5625
3977664 2200
9993488 271
7044843 3482
1424590 9570
112427 6755
8592884 3430
3308099 3854
6615907 8302
4136537 3705
5300255 881
7859642 7756
2711638 4807
1942603 8106
5663351 7250
773223 6504
3250583 9054
9286 5998
7211660 6201
1053087 9717
3147797 9667
4887505 6206
8228741 1948
5792200 9895
2326654 906
3373909 7061
6119072 189
8356696 7593
5253732 6634
5048087 7698
3483504 5272
9235197 7480
8774270 1793
8021050 101
1034821 8634
8576548 5067
9026192 4222
177245 3811
8537919 2806
936955 4023
5401376 2109
9083727 8901
6248852 2769
9156466 4737
32242 9641
4397232 6589
512536 7323
5912385 3420
5059867 2540
9474091 8494
5505328 1048
4051805 7157
4181097 3535
3610251 6185
9262224 4982
4761208 1075
5123932 1022
6271408 7319
803484 7587
360504 9337
5811542 2636
675701 7284
6265034 5240
6687021 22
3546283 1680
2266912 7132
5833718 5686
3785815 8529
6880600 1855
1302690 579
4464110 319
964839 4788
2457737 1517
3341820 1399
4369720 8817
5848461 5597
5291215 1714
5629295 4335
8167169 7240
7431348 3130
2871201 87
2216001 1263
8931276 3961
1730131 1502
2609714 7957
858214 5119
809650 3744
87092 6436
9974227 7666
967066 2302
8671715 4431
4332174 2249
1735501 3603
595202 5452
3907434 2203
2232423 9172
2804219 3231
6508473 9627
3951797 1090
3726343 8565
3796250 1912
8267242 6306
5129265 1908
459853 1043
5070623 1709
1429807 8340
4261746 4633
2139123 6285
2208070 3178
2874618 2693
2770698 8276
2778386 975
5253593 4458
5046724 4061
6884933 9263
58244 5782
4506450 7979
9104797 1304
2531626 2398
8085251 5373
5498761 4949
1145334 6659
6224057 676
6207822 8616
461770 1694
7029971 4766
4578931 7961
1013241 9379
3992222 191
7966042 4176
8882772 8753
4384014 1220
9166668 5056
4228616 4589
7753339 8082
5288 2000
5014941 1287
5804493 1072
3084681 6987
9692804 7104
9269461 1659
5133942 9120
8559241 106
7848964 8217
8912001 1069
1563686 3382
1043742 4877
5122461 2421
9496658 755
7963499 3159
8219937 8025
4604158 2806
7132098 9006
9078722 6856
8865461 1715
103715 6196
330921 7325
8583179 9866
9646455 8369
886838 3125
1327755 1073
6450872 1646
1446015 608
5910202 2807
8796460 8249
6883322 9107
3772358 6742
1577708 4485
9832000 4645
4822544 1910
9046004 994
1462028 3683
8706639 4480
3860047 6090
5093768 4306
7302700 9643
167053 6629
8600579 4510
6237410 2791
5932010 4279
3824758 1314
7155050 3562
8672941 2998
7369363 9398
6786930 2367
6324566 446
2215085 7767
1762415 4801
1037157 8330
9316224 7378
8472465 7511
9719371 8245
879288 6515
500193 2183
4392902 5079
1948349 8842
9602348 4067
4375417 442
3264526 9710
2253918 2903
3751272 3413
4622732 3097
331899 3656
6858056 2108
8726023 1682
8273972 5674
5499134 8748
8946044 2611
6677422 5135
5077972 8492
2102760 6473
7730999 3925
9631108 4814
2446788 9931
4882224 1678
4216683 1938
2120313 611
1721657 4510
6847604 7937
525916 8329
1886526 2104
2339983 1940
2667068 3181
3897908 7857
6884896 2860
3783924 3674
434705 2836
1269826 7645
4600661 6019
8334489 1909
31579 1661
7156561 413
5424338 714
2306995 2496
5625999 8673
5082850 4883
8618772 6861
9585214 1171
5390212 8985
288702 934
8982672 4007
9666036 7720
4581836 6917
8675416 4550
4582703 3801
4626533 7415
8340508 9870
5665798 4955
6728804 4490
5275466 9580
6351307 4692
8484650 7263
4167006 7974
5125093 6637
3181789 1164
2850016 2410
9931434 13
1591814 6906
1408795 6197
793545 7150
2187230 444
9546866 4277
6686293 2595
8517913 5131
1218258 8951
8583794 5899
643808 2386
1288261 4257
5327364 4167
4430839 9238
8160238 3442
5486839 203
6652774 7875
2305012 1861
8222222 8878
9676487 2327
5146893 4434
634939 4864
7451857 9681
3925936 6499
1659040 7982
9704500 1929
3330442 3558
7806646 7133
72380 7623
9681591 5201
9909851 8497
4341119 850
3242074 3268
1965028 9649
7948708 8752
4629093 1598
8513804 1497
4844413 5195
174285 6404
1501393 8268
8468790 6394
190 1515
6715789 5641
9259251 2555
2140278 2522
812431 5829
8763422 7461
2887421 9464
5293823 4987
6838324 2784
3247425 4962
8269170 7724
5694375 6234
5876971 2
2865791 4453
3850384 8380
9360705 3173
1951100 5846
1310734 7905
9504677 5704
472229 2210
2700353 2297
5622380 5709
2909723 3324
3060160 2161
9378806 6138
5115167 5796
3836026 1601
7009790 159
1052377 8992
6501911 226
4325143 4767
5602752 2916
9801288 7451
6759451 2652
1897452 6436
78066 6442
3531755 4256
756488 8005
9130738 9638
6206052 1401
3177962 148
7024805 5594
3547054 8556
4361329 4619
8136785 5807
4476063 1256
5942936 291
5586154 9033
4106898 4233
6801981 3016
9058209 6860
2126572 5326
5723060 2983
5567649 2276
1897838 2278
7906964 8108
6700492 8269
28520 4213
2399211 8971
2435258 5492
8938135 3793
4359067 9074
5101340 7250
5839015 8519
2230404 4685
7670779 8358
5046324 2125
6954331 6252
7082445 4604
3992466 1121
3947735 2112
4736434 8962
1560124 2114
8538897 7245
5174154 3156
553340 3656
8515806 1
184643 8432
9612198 5480
2063879 8174
9848089 1259
2433465 4913
3324227 8808
63830 9704
7573429 614
8753532 6802
685942 7066
9276725 177
5438232 4506
7622646 2020
1403840 793
3355998 6364
3736555 204
9186024 2169
3165641 4491
1977179 9886
9918810 3461
9526515 4681
9305366 730
6912324 3496
474072 8966
4667058 4766
4403074 1419
7876631 2016
2328401 9601
9143663 1623
6926109 9450
8485800 3664
9879350 9025
2432821 5460
5585754 2500
3830888 4178
7396346 557
6244413 8094
9260887 8011
9746842 5616
4967009 8953
7311138 2077
9543997 1981
9305446 527
9572642 857
3613265 282
2282848 9896
6902673 2235
3546506 5865
201953 7240
4825224 836
6611732 5166
6472447 7782
721326 8921
7369061 217
9874330 7769
4313640 4833
6767928 7896
4531295 174
5322799 3754
4467715 3663
625952 9568
1371402 3100
1712237 9273
8150855 4175
9862531 8288
2533507 9558
4086507 7904
6031200 9616
220505 8517
2985322 6696
652486 2493
846427 8477
21443 5489
7754283 7608
1961063 1365
853433 5767
7416518 8549
5055902 8457
2417566 8082
1550323 9304
1776028 3069
7188896 7454
5866190 8574
3726152 6265
2454977 3568
5342764 1972
9879327 676
1315669 7769
6967477 4712
6441515 9036
80985 33
5124655 2513
613818 9568
4494458 3265
2884298 9788
550274 4368
3214747 3181
3271247 6672
8812532 8427
7635709 9525
7443373 8813
756986 7968
4968725 3956
4661665 9455
9443757 9027
7537559 9942
3841461 3631
4735661 9401
9218602 9569
2132998 9576
1317998 7074
7448209 8780
9661871 3323
9776210 5873
3847986 1194
8455365 5385
1537867 5907
9675196 8940
1489016 5561
7835248 5544
654852 9253
8518485 1439
4917336 9175
4802285 6669
62219 7369
174412 3313
7485028 3358
5955920 100
4730474 4539
3097184 8134
4157668 7222
1738222 106
3369171 4208
860137 9717
5332747 1793
4068330 2144
4293951 4115
3485366 5656
1102263 2987
9509473 7278
2433273 8580
751711 4927
6287725 5830
4071318 1211
2634657 6404
3126631 9409
5247642 9379
7488194 8464
8120847 1229
2021694 3369
7969229 8178
3525 2168
6263771 910
73337 9297
3119068 7151
558038 5082
6119011 7796
9948820 2828
1193068 1300
6223099 1127
2744745 7273
358709 8117
1827950 7744
3777235 1226
2245491 6008
7489243 1417
8482547 1608
3218890 8869
5071125 773
6245416 315
5520511 5707
6507239 3049
9475011 9745
144247 9269
3480232 8793
7579965 5461
3326509 3628
301476 7997
7848355 8790
8393342 8324
9507249 5312
485584 4643
6861811 7642
7380155 9218
8705689 1295
463141 8209
6739348 7091
8231543 3748
8666190 6641
8156345 3943
9023776 6284
5017393 6949
7521052 2952
9533888 2043
1457217 8631
8097254 3905
1070495 1571
3254534 1349
8659803 4946
1609488 6631
7972843 1086
4089801 6320
1768616 2131
9416386 5667
1262934 73
7421808 4835
6075408 5160
9168029 8140
6160430 3956
1778708 7251
8964283 5899
8481771 3902
1931508 4878
961750 1279
2985846 4758
5217286 7452
4948477 7949
2698036 7214
7767286 9340
1037383 115
1379921 8559
5217410 1533
5275334 9836
7625542 338
5868696 3909
7716191 1755
6026941 2535
7533393 9568
4760347 7690
5407023 7365
9218219 1330
6954489 484
3326307 2621
7538222 2328
5698175 5840
7170217 1235
5796241 4673
2480852 1973
2939240 5536
7901324 9619
2983119 6482
1045673 9208
7256377 1769
7703162 7158
4854633 5371
730222 3613
6457000 5895
4367874 8661
5706811 5038
5436658 2684
4012000 9630
5370161 7269
5121324 9336
3822688 7360
1988450 7070
6711474 3670
4413578 3473
4809308 9624
9436963 9174
9458746 4623
4518139 7968
6983260 3220
9884936 8035
8792373 3751
7846767 2540
2703381 87
3064122 173
4678408 9291
7335107 3726
5348940 77
2199941 2990
422523 4619
8873965 1717
9642028 395
5833769 5371
6855364 5076
4198275 5190
4684805 7444
3756085 3414
7743528 4250
6127896 7544
5650475 6075
308508 2773
6278813 7048
1689355 7008
2540211 5260
9187590 7608
4003059 1316
2630529 7232
4463152 5248
2721105 8238
7672222 3359
4520229 8442
5587523 5792
2898728 2584
8121610 5447
2329113 9495
6982338 278
9299116 9714
5080155 1972
3476145 3529
1370469 5135
6749074 7337
1117972 5528
2881815 2054
4276119 3948
1097201 5630
4253089 445
3824368 2903
5385999 387
4452110 4814
7603212 6223
1691717 5532
2920610 5776
5999495 7872
7871712 8171
4881347 7270
181817 5124
6758085 6713
4996632 9028
5391213 2538
4426744 2340
2112424 5176
5971234 6569
3667126 6280
1754200 9222
414047 2638
8775223 5382
3278930 964
9208939 4618
1266221 1852
9195846 6388
8944964 8267
5183130 4153
6176128 561
2684809 4140
3636568 8469
4281113 9574
3405587 7493
5836199 7110
6489254 6679
4179219 5914
1123975 3051
678771 5227
7861351 3550
4093137 2502
9210903 2861
6730229 4618
575349 8220
9788482 2619
3273313 7594
221917 127
4289222 2085
7159506 7435
3190935 3863
2816620 7000
9862483 9241
6018410 6126
586587 160
1089246 1774
7796669 7180
7244799 6584
3827616 3251
4781633 2558
7798175 7785
1312717 4661
3950336 7809
4131460 754
3399795 656
8495254 6681
5266744 3459
8666536 5197
5536874 4001
3689597 8895
8939835 5867
2798992 2129
8990908 9734
9439082 5385
3082700 555
1087566 6653
2801438 383
8622021 969
6478688 5856
119811 9172
7359828 9586
11673 1089
1016519 6315
2100101 4878
1819974 2575
6750893 6556
8083086 3613
4556750 6320
6118043 1841
5157229 6795
6847278 4187
7982430 5271
9507031 7104
7064095 209
7172424 2782
1849312 8457
1921361 9777
5899580 5044
7822386 590
791000 3572
9146412 8660
2440688 4041
1875397 4992
3142278 4769
3173748 4935
9523822 2891
691914 1024
6395695 2
4957977 8967
9720237 4483
8039831 6695
1692924 8454
4632363 2705
7126072 8746
507 53
4605430 9956
1243424 5937
7254974 2771
8667912 7197
3363081 6206
7691709 9030
400753 2963
7913684 7515
1420536 2944
4557430 5362
7683786 3967
2431740 2147
8047761 7179
3955717 2599
6890649 9647
8859976 6152
3144633 4473
2737978 7172
6070672 6168
1485008 9938
1609372 4944
4656031 7911
7289458 3718
9804720 6298
5325319 4121
2979662 4118
9788786 5451
6881305 2916
4728859 2118
7311755 4275
3613939 3351
7240568 717
3383125 8241
7492484 9475
5168998 1417
7090316 981
821249 6769
9945833 570
9685391 7488
2516275 4551
2175747 8541
3571503 5854
3949294 805
7700660 1489
8747589 1266
459304 5899
8688461 3358
7917944 490
6557053 1923
3329751 9058
3517753 5008
724353 6675
9521108 1717
8522481 1459
527355 8384
8155431 8991
4124257 7394
4801396 9405
8569020 6620
3013615 1668
9933941 5136
6693706 69
194117 2713
7383679 8386
5255323 4648
7881288 4925
24819 34
5481193 9510
764144 4260
2523945 5265
4932783 316
2236035 751
6853538 781
5775806 1487
4633604 1764
752279 6283
5818624 4275
7301226 3336
1133870 6824
9601410 7615
6935680 6127
4620456 1167
9631839 5210
8676909 6894
8188389 4455
5193413 9977
6844148 3541
7447081 6859
5785906 6951
6803304 6774
5473754 1965
2773478 6197
3346381 4187
6144796 7079
6797317 7206
3968129 9864
5749755 6749
4837639 906
7115508 8409
2868084 3558
331611 612
2334613 8055
9521016 9033
2062031 9533
4184770 7550
486158 154
9537681 3357
7685875 2934
2527364 6598
7327590 260
9722619 456
230895 2790
3802623 4426
8225149 6801
9855849 1299
9129778 5562
504133 9120
8369518 3034
4151377 3140
3989831 7938
2318975 3940
9289650 9659
2243604 3575
7097896 524
8114002 105
5261728 8361
3492981 1731
6260136 7970
6594738 9588
5685356 6239
6172909 8694
8285304 2835
4101567 9178
6218783 9106
7195393 7280
8453210 4641
209866 8689
7796180 535
8047447 9896
7224800 8409
7662024 8720
9785127 5276
8901367 2402
660511 5230
7813977 1952
5131553 9248
7004420 8104
6228227 4645
1020453 115
133895 2452
9554299 2543
7414603 1540
3418046 5090
1178683 4951
7096186 5029
155921 3721
9659391 8306
5265579 4900
6794669 4690
2775217 557
4182427 9214
4562690 566
1433573 2346
2825269 2220
1576256 4298
3870341 8067
606642 635
8545339 7827
383191 5229
577559 7462
5421391 3331
5682228 4025
7498782 6673
8397522 4134
4233849 5079
8442313 9659
4639948 7738
2057035 4992
9861360 7791
3590228 4778
1306491 838
8488895 881
8622445 988
6458867 262
8981887 2675
3925904 53
7258695 3558
1102364 638
6392491 9221
139152 482
2802416 2707
998470 2803
6693674 1984
9565849 3195
4202586 6172
1145089 159
290990 5318
3975835 8091
2009975 2239
7506472 1506
1396872 9724
4421881 3618
9666025 5770
5899305 1399
7748014 3142
8148870 4805
144736 3642
5732086 1354
8534992 8031
4606703 4044
3624145 6547
2408448 6450
4074665 6664
2503531 5085
2684865 9476
3036580 8613
8534613 1149
8290998 397
9381361 1298
1291243 2624
333693 2148
2423461 5492
5848664 7981
4148502 9521
9495942 784
1362217 4788
8030830 9739
9284 5996
5630187 4334
1498003 7457
7090067 6142
5850621 328
1943421 8591
5566873 2657
8003261 2668
8853532 2517
4917475 3951
5186037 9647
4917061 7539
282617 3158
8190422 5402
3181125 2737
3055505 4830
3300516 5460
9416902 9822
9533524 8099
721610 4620
9546211 6618
659527 280
2036432 1392
5274774 3678
1596274 5986
8691253 8820
2751629 1715
498910 171
5104113 8106
5415161 645
8727755 6234
7170964 6876
371754 3118
5135022 4137
1295210 8946
9092187 5594
7942258 6293
9264791 5365
1551680 7780
1777864 6234
9803870 8979
1037643 8247
5735321 3325
9432663 6513
9455324 5045
8452448 9013
3234715 6772
3114153 4902
4298711 9619
2679702 5559
8221412 1587
5574156 5348
5183610 9595
8623509 187
5428106 3507
4786318 2987
2231347 7735
7306825 8776
8178531 8664
741168 8519
6287110 7190
4209426 7899
4257041 2496
6502521 1093
5270793 1270
7948475 2207
2359466 9693
6327588 8118
3402678 8022
9019037 2341
273680 5791
949376 6422
5322065 492
366794 3899
4026275 9600
6184509 4914
5713026 1997
5595209 4494
9298232 7795
9559874 4130
5504613 5184
6006379 373
6595381 9222
3074043 3430
5099776 1836
3888822 227
619320 4662
2598592 3838
6922472 3670
9538106 7857
3320368 9730
4433919 4184
6131292 8681
7545055 3520
8729635 6274
739679 490
7899135 3706
864555 3433
1671347 2038
6522675 8962
5318594 6785
4309256 730
2754840 6175
9523469 5727
5050825 6197
9627349 3007
3219145 3964
9833971 8492
5516922 8920
7728287 4125
8683006 6703
1806966 9079
6261863 5876
2237611 7910
3416633 4930
1734800 9523
2371404 604
3784445 9171
4411383 279
9084656 8845
5087339 5733
5056310 8060
3161869 9900
229116 1096
2900570 6565
7409134 8819
6174315 1571
4404808 5491
2864194 3451
6457571 6152
6757205 8814
8098180 9546
1190666 6470
4364552 3022
6990739 542
7714 399
9479962 8765
6058065 9678
4597321 4296
3514754 3308
1992658 7926
9611419 8781
111894 4057
1401709 1516
8874659 1910
1171550 7051
5726433 7077
5227894 9312
2946515 4114
6378187 2796
484922 9689
834015 1008
2527839 4103
1700858 4613
8198854 1183
9501132 3652
8734086 8286
2459717 8706
2584289 7624
42304 3330
7454254 5885
3364941 8756
9041245 3248
1203138 6378
4123723 9497
1432099 4432
6639302 1044
7743392 4454
1028161 9111
7633542 5953
2970510 3517
9418806 873
987264 2321
1097630 2104
7291514 4891
5193875 2553
8082389 7842
5752235 3423
9909349 2746
5115892 7036
7943045 8871
3442464 7608
4124124 5237
4210901 6388
8302159 1926
9630730 9844
4341346 8235
5988913 6746
6550982 2634
4346593 128
2741798 5068
8765861 2342
4854743 5119
8955970 5553
7913906 906
3921765 4779
663270 5249
7300360 3284
4023447 1209
6998865 33
9764173 9081
5726468 3812
9461128 9547
6828723 4696
8964443 4560
9368026 9665
2158900 7134
2260779 1373
825024 1447
6877794 8219
7756330 4519
944796 3398
8781864 6747
1928506 7716
3513640 1524
5494722 5723
9322408 1239
1528782 5476
8629929 6517
8738266 317
2336929 6373
9389830 9193
8675292 4241
5642671 6113
1289838 1634
5229515 84
5309810 4169
5199220 4559
8874256 7936
8751373 3908
1106903 9385
74465 1006
4232851 9276
3856102 8162
5568666 6693
1999522 6740
8828536 7864
2584510 9279
1386273 3692
1504163 7746
2287338 2084
2659086 2057
148929 1991
5136354 8582
1686111 7504
190923 4740
3981800 639
1839483 5681
3728111 2966
3864363 1302
2393774 8096
9144728 7723
4112182 4166
3388363 6654
4723690 2478
2088383 6347
2372276 45
8794337 6283
3177345 7297
7900115 9265
7060248 1754
2058689 1478
3378407 5553
9564819 2341
8697566 6438
8646438 9071
639805 2208
6441389 8569
8281257 2952
5861437 2327
774738 5690
6692485 9356
1846770 4658
3221219 3343
6776450 3649
7039730 5828
2665247 934
3285914 9232
2923846 2913
8805658 2734
5004415 8341
6187474 9364
2769941 8116
8287936 7010
8815429 2571
9747558 4700
1499430 4087
5106235 221
4380566 8990
3432952 8317
8717719 5268
8293083 5191
3710223 2560
4962270 5538
7764875 3141
3406447 8113
7694629 7758
8508161 3178
9785213 7889
860725 3161
5423547 1434
6132982 3870
8832951 5320
4183078 9116
9853241 7993
1539301 9987
9069618 9163
1333661 3995
7348046 9378
505107 1590
7942964 3808
9723047 6454
4362502 395
4701970 2671
5204611 4635
2550511 8184
586765 8641
243516 6282
5753493 1579
3979367 5533
6655184 25
7392663 5095
1407235 8250
947417 9007
6676701 2406
6824232 9402
9375131 618
4601718 2719
504784 6760
6754497 7425
8964290 2182
8394814 2242
5995190 4437
416041 9851
5427524 2022
4929326 5200
676542 4262
9520168 9124
3310067 2517
1448848 5452
7192112 6164
5836432 5677
3952838 5902
9245144 8978
2339415 9079
4827632 4041
9885862 5284
9354022 5101
5356978 6991
9523634 3719
4393071 7692
3173428 2606
4156263 2426
5602593 7946
8665729 9518
7930318 8589
1442238 707
560952 1400
986751 8591
1322114 9374
4335587 8624
944619 2987
7292504 2804
1679830 6471
7239678 644
1694308 1006
6717488 3943
2793499 4332
3791470 9970
5802231 9143
8138167 262
4006045 6417
7070264 9059
6425457 8337
9482367 8900
2581950 4008
5968892 5863
3903287 8563
8703305 5804
8321911 7779
5135635 9453
2669607 6742
6672774 6896
9901578 850
9734882 4298
938071 2329
3538039 9783
8606707 8478
1657104 6140
788425 1390
3751229 8629
3589191 5982
6388896 1300
1039494 1047
5954466 7484
4444745 6221
2340246 1266
6514299 2575
4117295 1040
5963387 9617
3930007 5602
1440898 3387
5770185 9242
889538 3132
760528 1159
8433407 3060
3517643 9893
7683827 9666
3606779 9688
3934623 9394
5856651 6090
2556804 8677
2296325 4864
29924 3139
5344729 4950
4118895 8743
7136238 6056
8137859 8373
8516790 3404
3316390 7279
7888271 2448
3846420 2114
1384972 6058
6628034 2245
2389585 7837
120103 1011
4223377 6840
6362850 2484
8302615 2020
3313224 2889
7917551 4767
6670101 2561
3368018 9835
8609312 1367
8741614 2458
9678679 8289
9222578 6682
2910796 350
6744871 6637
1281186 7363
625949 3677
9514397 4303
5849605 3180
2718055 5931
3494483 6436
3314888 6330
4980960 1085
7562166 1350
9871999 9728
3506425 5111
7237145 666
22465 2187
4781914 8579
8894466 6563
1044229 7573
4408800 7214
1746656 9899
9523678 1815
8626006 2377
3151783 8123
8292243 6852
514316 2137
553767 1292
7407690 6071
2458152 131
4487334 9007
4273484 8164
3838652 5316
7265694 3957
5788288 4907
6748509 7328
5217409 6898
3705722 3744
3935328 2749
4630487 431
9249904 6387
7646972 5608
1512791 3669
389418 3851
6400748 8741
3087779 9527
3135237 4623
3435893 1216
6699857 1396
4554299 2091
7413872 4742
4879461 6470
5615695 6680
424049 9285
8571188 1362
1688018 2880
5262885 4706
2217633 6979
2251613 7501
2173020 1283
7315535 8542
9766876 5222
3464440 1498
1061867 6686
6255007 4641
8440893 3202
6006047 3580
191027 7782
9815532 8850
3896856 6824
5553360 106
1665405 2684
574537 2109
9418946 641
1392367 412
2581790 2660
9737223 6082
5258286 1727
5503933 9578
4414979 2455
4809587 7651
876228 6231
3105219 8341
2607543 683
4161567 5198
6742375 4203
1361463 8352
5468747 5015
5861724 9573
853663 2899
8265152 5891
2164945 7462
8979691 2717
7482289 1080
8583406 9251
8782943 6840
489637 5323
7374922 2183
3122166 2770
4307353 9975
4655596 1815
2702317 694
5758679 4228
7790564 8994
1370186 3502
3348892 5183
5486463 4522
6830889 3565
7029894 7074
3974628 4286
7464067 1282
3845936 1185
2910947 7583
6223076 7250
4463423 6060
8122623 3501
4551357 1081
3264696 5645
3030234 6099
2369908 8645
1894675 7047
4661698 6346
8578774 5785
9278383 267
366213 5726
3403067 2377
8474651 2176
7198464 1767
6739753 9946
1745815 2924
9745051 8691
3944347 5880
4923010 7823
3115682 2084
3501381 7596
1251434 2041
5010881 5343
6940984 3991
4733329 8527
8337993 8237
8032365 3433
6508965 4732
9659778 9247
2498044 5103
6875980 8327
4155066 5704
7315000 6071
5994990 349
9288 6000
7203073 1755
7049300 5088
6375169 2994
1768328 4843
2271248 329
2851840 1061
3906617 2538
9164145 5315
4443022 1961
3846263 7752
594090 7349
2747899 9431
4944419 8165
728497 5805
2949063 9426
6267583 6779
3954516 9279
7172143 8563
4556833 5003
8877162 232
916898 4193
2853976 6862
8164694 2599
8163734 5586
220824 9030
3120952 5552
3792562 8869
5197694 1306
863851 6340
5521850 3570
7702195 7877
5578252 532
8041032 8395
7029859 6121
7400855 8498
1900444 5845
891656 8474
8854445 9106
2214565 5274
6896798 8246
9051720 2518
3430589 6705
5559981 9049
8181360 4720
986137 9226
9971590 9926
8651667 5326
2041006 8999
1166566 658
3366508 1304
3778919 6915
9407953 9648
9067534 1024
2373559 4337
8286151 44
3115939 6236
1956913 6014
4946961 2616
6550376 6161
5503871 8771
1971036 9587
27098 6175
1909939 6758
2261615 8384
1382592 1007
2864421 8139
5699506 5831
4702813 7488
4107102 4798
90999 153
2593544 3168
3422610 2745
9395007 7460
1227375 6930
7706251 6611
6070067 9267
7107526 4073
6787742 2167
6697490 9150
5405945 1654
5788351 6733
7581066 8960
2085480 9087
1262375 5421
9715123 4779
1773721 503
4791338 7663
9754253 4588
6374784 1035
8554040 2225
908271 5067
8096018 6899
6106335 4006
8657681 7619
6586867 2655
8670951 78
7944916 643
9313813 8476
514180 5434
4806736 7691
7826716 9479
9652558 9768
9285084 6899
7489666 4475
8270794 6242
5547986 3043
6750966 8716
5417163 3477
6564456 4628
1632758 6441
5546820 229
7776669 3773
1166175 8423
2311086 9032
4926296 8810
1830508 3690
8141595 8332
5282714 4899
350817 2373
6212537 7653
5142513 5579
6073895 8355
8135064 2
3019452 3242
3512010 4456
3299051 611
1440836 3706
5701834 4790
163788 4299
1767685 4226
2216172 1026
5277920 9376
2008546 1006
719540 3817
3543657 6453
1135235 2543
3244317 9410
1955848 7456
7224216 3997
9855455 8418
2399909 1599
8950098 9825
8775644 1951
2223875 2606
5017688 9251
2442004 8261
9537893 8356
7658335 3702
3148902 4046
6883421 9108
1826502 2648
2971905 7626
6973622 5833
9226288 1846
1059056 234
5966032 8340
4631941 287
4182609 7132
7973158 8545
961387 1008
2869400 6988
7923640 6222
2891741 9144
3223096 9060
7752574 3103
5361447 7000
4236368 6021
5871717 9116
9976576 9510
657643 1969
2574892 9861
8934950 9377
6964622 9061
9462716 3379
4867958 3191
9952783 3497
9774764 2279
3431443 4495
1695363 675
9623278 542
5288884 3026
4338368 3388
2815806 8706
6195239 4300
6174266 5114
6117181 8396
1140317 1913
9111827 4200
5594763 8664
3179984 8515
4294984 7084
408481 2930
330668 4809
6610357 3097
1924981 623
920171 7520
5484754 7122
5500942 3232
2055563 2502
6728053 3143
9906181 9275
7797510 7213
4403735 9299
4905364 1545
8482061 1208
2714305 8929
8981109 264
4003216 6939
3311360 5935
934939 7713
2673689 5285
9436536 5523
4585497 7952
6563876 6022
4924665 6851
339694 3630
9686357 6276
3155419 2674
4877353 4514
3914789 5191
2733121 2793
586378 4686
6951454 5277
6981679 8554
8224825 5684
4591523 5705
1132670 5471
9836608 451
9493806 9430
5538412 7580
7162005 7367
1461764 4425
3263456 9538
104821 209
1748166 1303
1962694 856
1011351 3037
4000755 9630
4283474 2798
1359272 4533
6503685 4060
2652019 2350
6172653 4960
6788112 1849
5368808 5578
8911856 8676
1488559 3273
4251402 3263
4214582 9946
1474297 3138
5135005 2299
5106620 8932
5211738 7695
2186072 5277
8510550 5166
4979061 7040
1702105 6596
6301986 9706
4830537 6461
5202505 1641
856256 4190
5002061 3311
960721 4564
8976907 9777
5841294 1767
3815164 2975
9529830 5563
9761182 9283
9666541 9767
875644 7566
347908 2500
7470086 6531
9397707 7364
1826124 4924
1326128 994
3814044 4748
5296454 5540
7440298 4816
9061588 5725
4992297 9406
6356907 5579
9693461 1691
2177343 3251
7275667 8325
3371571 4220
7703323 2779
6879056 2937
4267113 4062
4231817 9756
4576497 7572
4386837 7932
3591527 977
2586474 1320
8586937 7412
448956 51
9285396 9146
4306458 5196
1913054 9501
3236295 5099
8390043 3626
5523978 5371
3205398 3261
6549485 9480
6867425 4799
6283881 9543
2555467 5882
4392830 8641
1973409 8446
8243566 4655
9766601 2375
5931228 3671
4616834 5240
2674817 354
6520180 1103
7833569 4939
2382012 7070
7907203 7246
6925993 2594
8517830 8578
2011088 1732
6924955 5246
3484675 850
8992446 1575
955527 2740
3166723 9239
555960 2642
464452 4807
5001392 502
3118625 7834
2458450 7897
5680826 1706
9780822 5436
9197137 2967
312862 3240
5886830 1910
5534586 921
8434514 9216
4290144 6565
4972937 28
8345422 4010
9386492 2008
538938 5724
3395999 6695
4082752 2853
5692725 2934
2785534 6544
6324123 4935
3488388 8456
7742274 6939
7334769 9686
4183003 4058
4560350 5725
8355332 8649
7874511 8393
7048117 4531
3898626 7738
2302507 4818
1376398 749
4537237 7860
5534422 3367
9688596 3324
6523561 8093
3651398 4536
474667 9982
5769656 3507
3585656 8159
4571767 3185
8495956 8647
9374921 364
1256393 2865
2930138 520
3372380 4685
6091654 795
2695153 9260
6381326 5814
7335350 4539
6169137 1459
6596066 6025
5934430 7362
5289752 7902
3569296 1421
7084004 4073
5689479 5316
5087053 1453
511112 8072
7669941 9734
7646995 3885
4481848 4507
8436837 1945
569314 8875
52258 3622
6070399 1853
4534340 1393
2890375 5004
6684577 470
3433381 274
2937258 3763
9140942 1717
1603181 8864
6196767 7796
3056995 5389
7136670 1093
4281987 6728
7952893 8290
4051926 9427
8291043 2421
6362835 4158
7204708 711
2167496 1778
7189198 8117
4377138 2906
1168200 2886
8613250 9347
3049809 1223
1789406 2248
8600039 8522
5145411 4406
8869523 2148
4143722 9397
1542603 8401
8254597 2852
7545868 3403
3615808 2093
6621314 9735
9787267 4040
9529370 6156
117594 1366
7664188 8756
5290219 5896
6128387 4067
6847655 6394
7349480 2047
9742976 6242
2498627 1790
5550655 9124
1255628 9981
4822192 4639
9511528 1126
1347571 4505
326354 6502
205344 8028
9147846 2897
6985679 9697
9042605 9858
6101907 1728
5035908 5323
1886727 3234
9699084 2412
2838833 4752
7112963 1533
2886023 6301
8887260 3426
2617009 8955
4374361 9101
3700458 4169
3308425 323
529726 290
7149076 7683
3729406 3728
2010143 2186
7615012 2775
571771 6813
2230564 8124
5620268 8952
639874 9035
4003770 4050
407054 2548
4267636 7055
2452228 4726
2978058 8933
5528874 6668
8248208 5489
2137567 3384
3897595 3570
7057916 8200
8533557 7257
1971437 2488
3973522 7174
7141182 7892
4725815 176
6314258 7424
9303699 9208
7003465 9872
3885367 5511
4375464 9003
8752125 7736
3236373 5402
755361 8275
2869139 530
5566693 807
9929850 3532
8040513 4725
6579747 4964
7312610 1531
7891032 228
892512 8718
1464202 7194
705338 7406
3061385 3109
2222686 7875
8514266 4305
8068244 8564
8629122 2023
3997295 2341
4196341 8745
5053889 9571
1123441 3524
8043218 4912
6130592 713
2857758 4465
404422 1218
7959933 9567
6389447 657
2260815 4963
3015612 3088
9176240 6315
2423570 8372
6002658 4560
7292030 1503
2895690 4590
5862087 4826
4398180 9863
2340982 8975
6007305 6758
7865023 2204
7854320 7466
8468895 1019
3596392 6074
3997209 7733
4509747 5535
9293253 655
9196153 1433
9862543 5209
16754 5919
3587997 6586
1778899 5572
2196265 4203
2753607 9445
9124248 3770
8947513 7929
7085193 9625
2778519 3948
8405186 3610
5675898 6546
3288840 880
6839 2011
8360426 4193
3640985 701
7907966 829
8358574 5705
4068015 7845
9088498 2429
3387845 2490
2603636 2125
9706635 4706
8614793 6502
7872085 8300
8524812 4419
8633321 9444
2129361 8214
911536 8243
4427909 1938
4723039 8516
1488404 9648
9201405 7501
6611954 1748
7806890 6151
379419 6161
9537773 2479
5167477 6579
9343766 1053
1379170 5365
2498649 3145
1207491 8584
6526087 9688
8341805 2813
9182959 1613
3568765 7305
1765993 7407
7431763 2091
154694 3720
6896483 9271
119744 780
5637514 7479
3821589 7261
5353638 5590
3735628 1146
5458473 4156
6214827 1706
1422885 232
7072641 6882
7670957 6980
5273454 5604
9437864 3075
1700544 7236
8683812 8538
4468325 2653
9520277 6543
160249 9426
3077786 6456
9329705 4685
6843255 1062
7908335 5522
5578747 3490
1647008 4634
1775380 6556
2620954 3187
685094 6334
711703 2368
9955132 1463
2300786 1966
5647397 2958
9657951 4394
3455122 5312
7123286 7521
9604494 5883
2121227 7509
8650738 2531
4092309 7410
1032658 6815
3340664 293
4138512 4567
6440457 2882
9342296 7501
8859721 2586
3996686 8336
2085967 7757
318818 5586
7832134 1621
1184189 8797
394628 2301
3013149 3151
2583869 6033
8487207 2255
1406467 8151
3830937 1120
3192321 70
9071633 3860
7973250 5890
3038669 1973
6424779 9446
4908728 1513
9794419 3185
4489755 4780
3123398 1291
9116421 3997
4127665 5127
9598928 1577
5557811 8399
205429 8088
5492281 1557
4051931 6817
4663891 3065
5229611 2687
2763301 6315
8751267 8641
5161620 1970
4199657 9602
2617684 6679
7673848 7648
8507956 4403
600479 1196
3734905 8714
3308108 7954
887100 9482
9376335 7751
3990243 9986
2234278 8182
4700 6154
6906027 5312
471214 9808
5224086 5403
9834040 6999
4613969 747
2375533 1007
1161072 8398
6694478 3657
4638254 7790
4345700 1496
5631714 3676
78137 2481
8301777 9023
1543018 3474
7688276 2567
6709128 9612
5334250 3203
2881354 2440
2857951 1526
3715847 4546
309940 1287
8866304 3400
8852985 3686
9034896 5847
5427054 1800
1566454 7828
569412 6845
5229713 2884
5227665 2611
731636 1253
1758332 9438
834591 5079
8277040 6405
2787472 4252
7986291 2144
878842 8362
8691903 9533
9923337 864
5798430 3954
6105587 7370
2592264 2475
1720712 9325
7904177 5712
2099201 2231
2677751 7347
6871606 1814
8324865 5762
8111153 9432
7579612 9506
6374987 32
7436652 4888
3482522 6013
5431587 7715
2714275 9582
1561650 5945
851182 6221
4689989 7471
7527263 6844
2495952 2473
185203 1453
7314551 2688
8291401 4319
5480319 2207
8198346 8648
4636860 6015
8016327 4392
1520944 9811
3348056 1994
6963136 4139
2463304 3941
2175075 1477
9290928 4460
4848949 8265
3406038 260
8125874 2186
7434039 9243
2078862 8065
6468192 2142
8590858 9392
9686449 2279
3427031 7027
6345905 2756
3980063 8415
8209122 7630
5307392 2855
9844053 5204
4011321 9401
6651153 9521
2774929 7606
1646540 8967
4401657 3409
5527744 1468
1456734 7072
2962025 4754
8849577 1117
9508541 5266
4749891 657
4469588 2090
7389710 8377
3166539 8942
6496873 3117
2700995 2245
6598380 7654
1756705 6743
5912146 2084
1166081 9331
3369675 5950
4450259 8544
4327260 2383
6615886 5180
6730694 3891
5542107 3053
6397091 8691
4729312 5317
1148436 4258
4552512 2179
6180816 4380
2615542 24
928746 6341
6987254 7811
5580883 7518
5197230 1887
1360455 713
9615300 9092
5790159 1875
3019384 8290
5402167 1688
1766729 118
7918707 4161
1493176 4307
8374898 9303
3204264 9018
614571 6477
5419145 4789
82103 3437
2648682 6445
8443896 6030
5649359 3408
2311709 807
2963810 3101
8497071 5040
9367049 232
3652660 4337
7219928 1435
5034093 3602
1457802 7709
6232426 8188
5271045 7322
7420867 7036
9178544 3421
2729993 5250
4257597 99
7410502 1494
1809767 4167
2610423 1134
3449997 5937
3827170 1486
262294 3271
745370 9213
2831559 1009
9322069 6718
8700762 382
9445946 9005
4196324 9512
8980620 5562
7742258 9209
600059 3299
8420439 6385
3885867 4346
3826693 4166
1268949 1287
3160818 5120
6298150 1356
5115868 740
5235340 250
677403 4641
3896091 6251
7126419 8128
4339940 6994
8486566 8548
142797 1476
896822 944
715311 646
8274182 2336
9260626 5762
4905356 5118
1946009 8759
6804227 9996
6603564 8393
186393 5253
5693236 771
9407539 396
5638047 7915
822752 7756
805146 393
4783824 9101
3298213 4127
1359536 2663
3691631 6543
2762893 3688
4605802 7048
5010989 20
8197672 4565
6700802 1589
7693865 9974
3527800 2526
9442423 1306
3648713 2609
1329301 5775
5747166 9131
6652561 5391
9010067 5083
4385400 3686
8160399 5335
1304338 4492
9514339 271
9889463 6636
3591842 4171
4312167 470
2659246 2520
6226964 550
6865123 6538
9031583 8864
6534484 2268
5505182 6928
8697375 4131
7953366 4481
4266508 9963
7839560 3539
9135455 496
8457460 9314
6608496 2243
3396838 9759
892975 2811
5841197 8009
596998 3881
6151190 7593
7173850 36
6303802 9607
2507284 8681
2293726 1039
8685036 5746
2933848 6642
5038080 3757
8054295 4972
7362144 5809
5457063 4596
7803619 1174
1754423 6751
848768 4748
3692606 9815
8641913 9013
7531274 706
5291697 5716
6061932 5812
9576295 5601
771903 9233
2427555 5992
8135371 3551
4695731 6196
8589253 3128
2069770 6063
3651862 9958
1178861 1579
3080616 4141
901145 1036
2498645 2856
3059856 4086
2148659 61
3618764 6484
4728000 1487
161058 330
236582 2550
3727309 3299
1098174 6682
3237911 3493
6807040 1353
766030 9134
5056984 3596
7070039 6068
9487454 7052
8868557 3421
8489210 7466
4553576 44
6120865 2772
9309235 7278
8958879 613
2843857 8243
5041652 8778
4724702 3292
9658654 1034
4288070 5551
3382476 5832
9126582 634
6293041 7084
4474280 913
1569679 8845
1824594 8294
1079249 8183
4643111 6255
3448411 6354
8044254 3159
8214587 6897
2588276 7504
8270205 5041
4184839 4399
5635368 7760
3362670 6770
1708807 8778
3110112 3060
1664886 2623
2794119 3821
1652828 5475
1138551 4460
2305161 5103
868940 1616
1154998 7160
4695037 8866
1756529 9437
4177968 1324
8764825 7520
9279377 1
7846905 8722
9383328 9944
2337086 2493
2340028 2046
869200 3557
5923797 7020
9790736 8351
279226 1005
5846158 1977
3366418 4165
9571730 1979
9340721 4668
1504564 6145
5145811 3337
7174059 3013
832744 9416
2800098 8389
6846019 2725
3068269 9507
7571434 1616
198753 7064
6940928 7463
5668442 4624
9720847 6440
2338138 166
6516441 8258
3493947 53
951941 436
6305784 1610
6114254 4403
8875902 6586
2885771 4047
5306912 770
9127104 4416
7713146 5489
6218843 8485
2833426 7691
9915520 3080
3333825 4525
8779044 6210
8512786 5662
6718713 3646
5953604 9650
2661413 3427
7564582 8871
5305917 4230
3057969 5691
1913679 5675
6501587 2708
8474120 4864
9168194 171
999002 799
4927421 2743
3324326 3080
7362080 2014
7827026 8577
3861730 1617
1446696 3574
770996 850
9300048 6286
8364025 3511
2162355 9703
2351716 2900
6312110 59
5575467 9691
9118158 7053
1239716 1856
3592258 9938
8329876 7338
4846393 9372
365111 9555
9593749 7415
8287643 1379
7216724 7659
7605393 8909
7830361 286
2815000 8822
8377370 2207
286818 2408
7444081 6136
8313281 229
8275004 9150
233755 4400
7563258 7059
5835015 2357
2336779 3923
4939031 516
922506 3893
9066872 2146
2098363 8626
3565708 8940
6800417 3577
6334584 521
9733203 1312
3477128 4403
1671185 1775
2872420 8989
6477921 9254
3433346 8948
3176897 5547
517516 5548
5833217 9305
9081393 2685
58358 3339
7597437 4265
7716296 5340
1244418 9757
7845869 9149
6834076 4104
2864262 344
1309823 4585
7843841 1663
7288 4000
42957 2988
2205800 1599
6295320 4239
949364 4575
1650790 3438
6874794 7060
8403163 9150
1522274 986
7323093 7188
1195007 8169
6876495 7870
5418500 2004
1427477 696
8765577 9592
4329402 2097
4692259 9612
6173410 3303
1751940 5098
6710232 6999
5331765 8023
5430798 4218
6986476 5115
4895257 259
3723000 5574
4583025 1180
6056701 9753
2875598 5665
5302108 9311
1078760 5633
5363692 3819
9330665 2819
3946654 6428
5443622 997
2636591 7256
5083855 5905
7502962 5222
9435098 9663
9584309 4092
2420265 4992
6141656 5655
2915380 5601
2010106 6865
3288483 2630
1664339 9520
7491412 931
6849018 7048
9168287 5259
679812 1574
3243918 3516
6632737 690
229503 2666
6323877 2335
6307722 1011
4224643 5080
136451 9226
3067605 7807
914329 8252
6054408 8287
8138615 458
6405843 4133
5962413 9363
7835907 6338
7301135 8621
3196366 6616
1060456 4113
3026514 5129
7982409 3973
2621085 875
325955 6906
3204681 573
6398810 909
9908328 8575
1615097 3649
3294145 9445
9327070 1159
1577877 8006
8668624 2048
2404509 5474
2908168 7551
6612964 5281
4381519 2377
2050413 2218
5355240 8342
7741764 9655
4430317 47
8410676 850
3230961 5341
9630880 8339
3012257 4415
4882538 9209
7072715 9952
8932956 7573
5767662 8099
5512197 3536
1820055 7084
2868556 6038
2356139 6187
1129790 5511
1445651 9690
9031423 1880
1617587 3777
5601633 2943
8418894 5327
7851802 967
2818170 9322
3745254 6819
5420297 5865
1250124 7159
9520430 7495
4997305 6456
5086817 6354
9029501 2912
7174476 1984
6343420 6988
9351664 8142
8773304 9499
8505293 8501
9570137 5150
643093 1926
5238825 2969
3639777 5736
7980109 9619
3958282 9914
755767 1672
7079113 3659
8171483 2557
8576665 9874
3415675 1496
4640502 5002
402660 5089
4538734 8881
6560770 1914
5857080 5485
8787086 9492
4278879 1945
2184914 6358
1337025 8732
7305981 6981
3128825 5569
2092768 2182
789408 4764
1058415 2949
1966326 4552
5391040 5713
6292271 456
678267 9320
6546003 9392
5038725 1324
868298 7332
5683048 6711
9894233 9672
3332174 6043
5549831 9049
8866640 7894
8479612 4120
3277917 9175
3024237 9281
25846 3012
8443608 1704
9764422 2931
6020599 5055
3046702 6236
8019292 1004
8808504 9776
9969391 27
4187754 5316
3838428 6200
7074769 3455
7747463 8960
2420515 6832
1388256 3368
7984368 9502
9044906 8997
8745273 6726
5667686 2903
4918409 528
7383924 39
1841037 599
3907412 2406
3029816 8243
4344142 3735
9854258 9468
7776092 7104
6721433 375
9733472 9797
3879989 6507
4380715 5533
4043526 1607
6547369 7084
8268508 6276
225276 9103
4673716 8419
3666244 4402
744964 9987
6372526 8916
3775649 3722
6602217 7350
3160063 1679
2189710 4754
8972964 6967
9487742 1793
7331334 7442
783653 6265
7253233 8673
5963498 8881
4042354 1605
1050398 1843
1955885 8922
3342883 9037
2138848 4430
6855542 1803
227035 6931
7259205 446
5615428 9976
1914763 9188
5196982 627
485177 6787
888849 6526
1414617 5871
1711511 4889
9281 5993
5791318 8627
8700091 2572
9650424 1855
3382574 6328
9054852 8129
6037037 796
4905690 6010
3165822 621
3298939 239
9904204 237
5977276 4739
4140928 3955
8786887 2185
3109444 1931
3722353 1391
2535193 8021
3387613 3163
2447424 2798
5801845 3608
1921308 7609
9082351 8473
6485480 9634
7931050 8713
7969390 6728
981347 5173
6345996 2528
1571860 3319
9520051 7716
9873427 551
829298 9444
9743915 2944
3921244 6661
4385916 4067
5526157 2458
8692732 7538
2539409 1538
4314148 4447
7934979 6498
2788402 8552
1385468 4942
6003400 6001
7031956 3927
686940 176
2815776 1890
1670156 2426
586581 381
3114719 7334
986852 628
2043989 6162
5027792 3338
5180611 137
7387932 9015
5884717 5927
2986718 2634
1457947 4329
5994948 1403
3567938 1234
956712 3166
9100790 63
3741683 3163
4556872 4050
5518104 1379
8729356 3554
520665 3241
6175227 7037
5198104 9263
2626211 322
7434756 6998
2405280 1570
4400437 2139
8218658 450
5047003 631
9300871 4170
8840576 575
7715463 7385
4280734 8200
3344488 2103
4592720 7422
2169936 3407
3627916 5522
9744411 4115
3595829 4479
661939 4215
8125304 1393
6518538 7421
7047739 1693
1102716 967
9261843 5772
2872533 3946
3637282 6006
9432995 4599
6608989 796
1369489 7842
6083061 1256
8077340 9114
9715065 1789
497478 2313
5956866 6685
3814894 864
5313629 467
7409878 6699
9390548 1421
672883 3423
3028126 1900
3873653 3068
9088885 3084
6563743 367
3381961 6843
2071847 7482
3804201 284
9938496 7738
5111624 4931
9650203 2148
3030457 9220
9975533 1573
1683125 2037
8584662 7368
3271127 8652
6584063 2598
4402380 7317
4561880 4377
3331050 2890
4755889 6781
8529231 3987
6604690 9109
1768063 1793
9420504 4166
4204624 8172
593654 5194
7502499 3992
7498900 3754
3059592 4729
6521800 6451
334304 8342
2235339 396
2310344 2820
4531118 1407
4868803 8357
5852524 8540
9596205 2750
1529812 573
8130150 5276
6141424 1805
9514241 4823
9825344 1681
6177981 8203
5124855 8974
1806365 8122
2487278 6645
8717611 5623
6327593 9860
2074758 9899
2260913 601
9180675 5751
5361900 9295
8732802 3498
5526113 3861
1868416 5464
5389617 549
4906359 829
3284732 8870
5852939 3642
8259347 5809
6076707 4934
5005803 9249
4140984 6582
2672742 4976
3900283 9078
2499939 3127
4178923 4071
6586059 3124
3731892 8291
8973205 8268
1394958 1142
2094685 9507
7184627 2687
9519238 3798
6568937 2784
7850453 4115
4480318 6394
4032650 417
9932216 8014
3114030 925
7358810 9576
9332131 6210
5837595 2417
2027606 395
6721642 7800
2334155 4605
9559776 5976
192844 8816
5286865 6056
4698119 6417
9963965 3763
9714422 5848
863651 3061
1768217 6881
2886638 8152
332462 1137
6158064 4677
8342164 4602
3622633 4052
6905228 5824
4499900 9390
1656551 2463
1961833 9024
1290287 9975
8090059 3591
2198451 1056
4192910 4491
7141361 9722
7195552 5731
5134439 7997
7335161 6920
9089887 2855
9207900 4873
504639 3787
4263741 8392
551298 9068
4909930 5306
5265697 6994
2343029 9010
547162 5566
7124664 7765
7469072 3205
1002534 620
5176064 7035
523543 3069
4698349 6450
6550330 647
4813678 8906
4673005 3997
9680927 7596
9871505 7294
6116961 6268
8673022 9745
7365753 9103
1768008 9927
6302316 2732
9168208 3752
3800284 2596
8922268 5711
993275 6086
3957669 374
224730 2209
9165579 7128
6393673 9570
6992942 7368
9387374 7720
6898911 1576
1858114 4836
6409845 5557
9891039 3666
3412606 867
5547007 864
6776463 9527
3017253 6183
2263382 4702
651773 7280
1807453 2546
9773308 1464
4759710 4898
9999120 9370
9506699 2124
1728849 6468
5542419 3729
7919766 8515
982903 5712
8039977 4831
1792211 9109
9178196 9618
6373729 5200
5252754 4811
9141896 2069
2612253 8881
8467997 4073
3214474 366
9574985 721
9077954 4430
6174786 615
1494003 9065
9196670 7561
3224423 6784
2433741 3099
8326113 7605
7102940 633
6095019 5283
9431045 3698
2157676 948
8390250 2325
7431305 3447
7606319 5965
3246364 6236
7881898 2903
8321932 3074
6164084 4378
125888 8810
8216541 3516
3206598 5596
6226214 8054
8475132 8234
5867511 3003
289324 8773
5839202 7873
8131182 3933
1606876 8273
7893469 9095
2331783 8613
257792 6650
9524337 1099
6988435 9775
2665728 5432
4343388 986
7719519 90
1469481 9023
2559040 4531
27187 8488
3173539 7891
1302164 5964
6084370 7507
2363466 727
2910456 8677
5836356 7553
1608040 8580
6382322 5809
9199361 540
2624070 5770
5740605 2551
44474 9761
1460449 7572
7198843 4905
579914 4816
3326906 802
8610677 4145
2710551 9539
5632248 1580
6928074 4356
6956133 8032
8799758 8212
6062774 4613
2900005 9999
5379462 8133
1785416 3874
2136116 738
9689500 965
3063375 6962
5256386 9158
3944555 5193
711891 4299
3836643 423
2256457 6076
8186104 9467
5248262 7590
4778333 7475
9826078 232
303108 4250
965623 5410
6077333 7031
7466483 2716
3466274 895
1777068 8878
6649389 6473
9939338 8805
818483 150
4834308 9077
5117746 5433
5835568 9520
7796685 2731
651605 5508
24314 9166
5005039 2450
7813731 332
3210865 6034
2031870 1896
5422320 5633
6774536 9112
2956325 9839
6986601 643
9389682 1514
6908398 4157
897609 579
9948010 3270
4360244 5689
2909971 7273
2689421 9639
82471 4015
4719727 1918
7180080 3742
2792619 3521
3903149 3665
98398 4526
5500507 1017
8025265 2302
5327290 6241
5794551 1495
4206939 8673
5458615 9245
1221689 7862
8514968 4808
1316893 1755
4222833 2598
9343079 9844
2709702 4965
7529281 8905
6574888 6013
3453764 3016
5848968 4207
390001 723
2966371 9309
374864 9784
7856846 7561
9081092 6728
3917320 8910
8989320 6168
9776103 6854
5279041 5291
1829955 7567
2016459 9387
3964805 2136
1956118 8231
8124309 874
1571772 4623
5720121 3981
8308111 7278
2486577 2887
9198549 2693
8121926 1956
1000046 4186
2456385 690
1094806 6033
5469494 6793
2875639 2025
5168917 1605
5126242 9876
95480 8916
5544724 6235
5780866 9267
2378590 3303
3968019 8394
6324167 8578
1558035 3254
3534482 5149
2461316 1841
5889871 9854
581353 2761
7187125 4380
9006160 5154
3759546 9764
8070268 915
1848854 1065
1632834 5266
1143687 9795
1710593 1336
3304973 9215
4724842 4165
8604455 4674
4359653 5826
3734357 1381
5778853 6249
568120 7581
6651304 9136
9617337 115
9649074 9272
7620914 956
2392239 1778
2566377 3788
3932511 7771
6235137 5696
8503325 5423
8549537 2842
782522 4844
4792412 6708
9438935 7599
7134350 6895
6874128 7492
789075 2059
7584374 9415
4679372 5226
6980723 8035
9522222 490
9125935 9174
3765829 3499
2769792 1927
9996884 7621
3837820 7873
1955646 1791
6169521 8561
1347274 5605
2223493 9847
2317201 8337
1150689 2213
8474251 7888
8589575 5616
2841565 646
9399937 5535
8274611 421
3875920 6483
2689966 2818
2925085 934
3263922 4111
1017288 1422
4149838 6293
4577628 3340
9792968 3048
1156734 4713
7840704 3708
5425268 7829
9746169 9040
7724372 2311
7242531 338
2896784 5103
2470144 1345
654035 3578
5259943 528
1134633 753
2536649 4260
3176608 1584
3037880 2003
7038305 769
6215258 1679
3064526 384
6551600 2384
6261973 3388
1569283 5996
5196924 1382
8542207 5820
2656845 8017
515057 7749
4647657 404
9451750 1844
8052277 5050
825585 3803
591331 17
244924 3106
438779 224
3897171 9771
1888811 6791
6135667 6988
5270219 2209
489438 4665
447551 3364
3576872 596
5623946 2192
9681498 2298
7801195 3574
1674076 1159
9388953 6452
8315734 8217
4832152 5760
7998051 7380
2729880 9467
4764239 8039
4283559 2297
8688528 4635
2239529 8577
3394910 8548
5958375 8791
119720 1128
792095 979
175064 8121
3966984 8963
6376578 9346
6607390 7723
1411069 8419
8529636 4926
6266085 5310
8949353 866
5861660 5745
6015757 509
8194659 1148
3650482 7054
4957847 51
6729035 9545
93736 9652
2761144 212
3605858 7802
127018 6655
3380871 6430
4059379 5609
2741661 7414
3186990 8520
698166 6521
971395 8468
3079042 1572
5190933 441
9618735 9510
1843060 1693
6047131 8122
8752419 7553
4391167 9896
3080807 2519
2747338 2262
4245024 2780
3305927 1874
2113761 62
4292674 7719
6134827 5679
8545698 1261
1582996 9058
1797873 1310
6820376 3008
6272733 1643
1498449 92
5086242 8921
4679435 9768
3399232 4342
1804811 8914
4601073 8285
5740668 456
5826176 2600
616509 8453
1716855 6525
3974679 4127
7163675 6139
9914574 3874
6537983 9800
4623453 4756
5145060 3310
5436401 7025
1101843 5899
7906196 6786
4421200 4710
4160683 4125
677096 3669
9146886 9234
3232135 6220
5760660 1793
3259500 5378
4286776 8272
6891441 103
8754270 3495
5024506 4619
4281943 9690
5922750 8966
861861 2266
9081157 9762
6099808 2261
8710072 6078
5819297 2061
5903091 1547
2513238 5464
6796204 5750
621542 2131
3885660 3336
8018983 9422
9080666 3397
7751426 118
2494843 2255
505607 421
4734854 2581
6954188 1800
7179309 8021
7123438 7347
4755647 4068
2418907 4295
7838556 4535
2926974 8679
2163831 929
4652324 572
6090569 9925
1488740 8113
4260720 7813
5055424 2433
6755012 848
634628 167
2270787 9183
6800177 1096
7054700 1106
2920997 4180
7240457 401
8210454 6214
7766155 3805
9106590 1948
9191420 6841
5433591 5047
6031663 8084
268077 7083
9560609 4416
6826671 2882
9234045 2667
2683363 4366
7298450 9084
7791849 6685
56638 2526
5243385 9602
6823445 762
4397352 548
8530036 886
5409282 435
1963015 9774
6014104 12
93932 8161
675921 4015
2608133 2187
9908775 9588
2036150 2211
73430 9517
473071 7662
438454 621
3615056 6055
4432898 3048
588200 9221
209423 5787
5603135 7358
557449 9363
4655222 4047
7768474 2414
2816155 7212
9791243 6436
7828199 2771
357171 9548
4129261 9576
9046485 3583
8788669 1735
2655003 3377
4681674 211
2003553 8713
4151361 5727
9272747 5192
7354885 8719
1380060 5781
1352636 2224
5624369 5149
6688895 5313
6924712 3257
7634567 958
3330612 9323
7513623 9572
6939400 8764
6965574 6028
329293 8691
5182890 3341
3100735 6380
7521935 8969
7126193 750
7565391 9851
1714732 6829
2675955 2955
8060387 9789
162003 3584
3902432 744
4650007 9620
5860711 8720
1839748 894
2303538 4788
4493285 1093
9945741 3302
9093068 9538
1003203 6221
8862701 5762
7955267 5866
2529405 9496
953540 5140
294731 6850
4106172 7273
1223391 1094
5529799 6157
3242212 8616
1409106 2494
8580299 511
6108979 665
5200942 3240
1524020 2707
1190029 358
203820 5032
7457492 3511
1850835 4166
2630701 4974
7986682 2447
7195859 7442
9702553 9995
7540303 8763
8165925 286
3320148 6368
9165082 4821
7711564 4519
2298140 8574
2342654 2935
1732519 4142
6515987 600
4105756 1682
5341587 9591
6901289 516
2106913 3804
8396642 1756
7451099 7208
3710325 915
1113311 4578
6070362 7676
3307015 4970
334385 7509
6386154 273
2196396 4797
2268207 3818
4886060 1197
1620814 1144
7128388 3126
9498792 59
3490927 827
6951586 2582
2287046 8181
8322089 3785
5211314 6578
6147110 3306
1152894 7253
6333585 7568
6627585 7946
7800982 9857
8330612 3281
3410038 3555
4154754 9833
9327855 3715
2282276 1493
1400985 6726
5330161 445
8751553 9172
5151044 119
5248577 8787
6471260 1547
6894464 259
7822583 8953
8999476 4842
8096705 733
9518293 6776
3691464 6772
35473 9724
9433235 2201
2122886 439
6411537 5389
4265425 3354
6128222 6740
5546794 224
3100567 4651
7403591 2774
1861998 426
7332450 6705
685063 7704
5335029 8970
1311546 618
1948283 9302
4396355 4891
9591032 3126
4491697 4267
5669322 4486
9719419 7577
1929601 404
374962 5840
377550 8447
5281800 204
8553709 5863
753687 5906
5857456 99
4485287 4028
460576 6035
2057308 5135
5729722 1467
283273 4354
3794058 8741
9703053 7107
487743 88
134882 4270
5251254 3700
5544885 6124
3905122 2481
7038319 8082
6119758 6475
7917822 6024
3427140 4948
7682933 185
6022228 9101
7515425 8073
9721873 5295
540095 5274
8796552 5368
2661684 2643
3733856 3552
4979514 7329
2770327 1560
9824360 2652
5772893 2778
4724028 5545
6236154 7658
8615009 9368
580597 8359
815713 4558
5428472 8146
8782104 1770
1667802 689
6865304 8763
6083499 2002
3233075 78
1476994 136
180478 5100
3280813 839
593101 619
7603509 9085
8683895 6624
8470622 8607
8416348 7370
4613474 2402
4028553 1959
3523453 1340
8831759 3809
7873267 434
4387095 909
8392037 1414
9134553 8080
3148996 1036
3654336 5972
8172146 695
2789271 5526
7033751 2405
629371 8563
4715534 6145
8111466 818
5594707 716
551203 9537
9704000 3607
2251089 4865
4831446 8390
336936 4929
8599635 8909
3045300 7916
7027935 1756
741672 5191
7447878 7999
1524285 6512
2910135 9253
3014560 9542
8885257 1649
4494531 3270
5560901 4308
1706319 949
5184651 9518
7698164 1019
1873637 1723
5980807 8745
592420 9326
7962663 2122
4303974 8841
812283 844
6105090 8574
4679096 7906
5442570 3636
1657246 2145
2135480 9323
1426772 4412
2884228 1041
6779396 6149
8724951 4093
8977021 9485
6617981 9320
1211855 7599
9131993 8182
4601071 9513
6258552 4515
695143 1490
3078092 493
9503936 1056
2509452 6201
5720898 4994
5123426 1657
7838475 6150
5934428 4031
9514034 6017
8577458 9944
4952842 6015
2647729 9954
1898721 7871
7077181 9350
9053403 5388
98869 7403
8141294 7735
8326283 6498
6748680 4124
4477434 7741
5981730 1008
6457845 921
2442210 9079
982081 335
2562607 8479
2512102 4368
9963843 6248
5588922 137
4322306 5916
8294207 1399
1845851 3849
2679665 7660
2538607 1163
6247469 4195
2460375 1645
1790786 2653
2125632 3244
6611759 2609
3747826 1895
6576995 9764
1378398 9015
6935514 6235
1763654 7890
1386016 3885
7119114 4192
8124 4836
7755964 9795
18990 1265
9513191 5960
9909843 947
9246428 6994
2205733 3149
8274360 8425
2476847 1139
1022696 8475
933198 1778
8982725 1446
182638 5122
5373935 567
7139347 868
3677409 8895
1038906 9773
6327321 9640
1867045 3260
801861 5043
4169804 6269
2108633 9760
6626904 1687
4356273 7627
9946970 3133
3188352 4811
2340543 1521
1129130 3255
7373082 5378
2912713 9696
8868470 6636
6524670 6274
1508015 2284
4862180 8117
6761518 1480
4622555 2288
5820613 3704
1405509 5648
8797488 8723
1756547 6503
9940757 3634
5102234 8365
3177742 7105
6590934 8638
1379764 7577
1692095 9252
5875510 4445
5409325 9324
696607 5723
493102 8426
6253935 1805
8481277 9120
1779137 6314
7649923 9871
9006246 196
2707969 8357
1778831 8730
5334521 1401
3092688 6029
3326353 1358
6898199 5779
551594 9908
12267 4111
6665977 1050
9342901 705
5603289 8583
4074716 2646
4156114 565
2034380 8787
999749 8863
295152 5765
1428147 4993
7399300 1174
2883908 4918
6180722 297
5417920 3853
8822111 526
37688 633
6849868 6674
15918 8119
6590418 4159
6035403 9303
2312993 207
4502418 5917
2788510 9094
5571785 532
3068829 8724
4970086 2669
6152488 1184
5272257 670
7998540 8867
9730959 4544
502238 2021
1179717 484
8282183 96
5920441 9127
8525496 7173
9997150 578
4288 1000
